# id	left	top	right	bottom	texture_id
[SPRITES]

#WHITE
80001	1	1	16	16	30
80002	18	1	33	16	30
80003	35	1	50	16	30
80004	1	18	16	33	30
80005	18	18	33	33	30
80006	35	18	50	33	30
80007	1	35	16	50	30
80008	18	35	33	50	30
80009	35	35	50	50	30

#PINK
80011	1	52	16	67	30
80012	18	52	33	67	30
80013	35	52	50	67	30
80014	1	69	16	84	30
80015	18	69	33	84	30
80016	35	69	50	84	30
80017	1	86	16	101	30
80018	18	86	33	101	30
80019	35	86	50	101	30

#BLUE
80021	52	52	67	67	30
80022	69	52	84	67	30
80023	86	52	101	67	30
80024	52	69	67	84	30
80025	69	69	84	84	30
80026	86	69	101	84	30
80027	52	86	67	101	30
80028	69	86	84	101	30
80029	86	86	101	101	30

#GREEN
80031	52	1	67	16	30
80032	69	1	84	16	30
80033	86	1	101	16	30
80034	52	18	67	33	30
80035	69	18	84	33	30
80036	86	18	101	33	30
80037	52	35	67	50	30
80038	69	35	84	50	30
80039	86	35	101	50	30

# ani_id	sprite1_id	time1	sprite2_id	time2	...
[ANIMATIONS]
81001	80001	1000
81002	80002	1000
81003	80003	1000
81004	80004	1000
81005	80005	1000
81006	80006	1000
81007	80007	1000
81008	80008	1000
81009	80009	1000

82001	80011	1000
82002	80012	1000
82003	80013	1000
82004	80014	1000
82005	80015	1000
82006	80016	1000
82007	80017	1000
82008	80018	1000
82009	80019	1000

83001	80021	1000
83002	80022	1000
83003	80023	1000
83004	80024	1000
83005	80025	1000
83006	80026	1000
83007	80027	1000
83008	80028	1000
83009	80029	1000

84001	80031	1000
84002	80032	1000
84003	80033	1000
84004	80034	1000
84005	80035	1000
84006	80036	1000
84007	80037	1000
84008	80038	1000
84009	80039	1000