# id	left	top	right	bottom	texture_id
[SPRITES]
#WALK
21001	5	14	20	29	10
21002	25	14	40	29	10

#DIE
22001	45	14	60	29	10

#WINGED
23001	64	6	83	29	10
23002	87	6	106	29	10
23003	110	6	129	29	10
23004	134	6	153	29	10

#WINGLESS_WALK
24001	136	42	151	57	10
24002	156	42	171	57	10

#WINGLESS_DIE
25001	176	42	191	57	10

#DIE_FROM_ATTACK
26001	319	265	334	280	10
#WINGLESS_DIE_FROM_ATTACK
27001	319	282	334	297	10

# ani_id	sprite1_id	time1	sprite2_id	time2	...
[ANIMATIONS]
20000	21001	1000
21000	21001	100	21002	100
22000	22001	100
23000	23001	100	23004	100	23002	100	23003	100
24000	24001	100	24002	100
25000	25001	100
26000	26001	100
27000	27001	100
