# id	left	top	right	bottom	texture_id
[SPRITES]

#GREEN
#WALK
31001	370	127	385	154	10
31002	392	127	407	154	10

#WALK2
31011	413	127	428	154	10
31012	435	127	450	154	10

#SHELL
32001	299	130	314	145	10

#SPIN
33001	315	130	330	145	10
33002	331	130	346	145	10
33003	347	130	362	145	10

#WINGED WALK
34001	93	128	108	155	10
34002	114	128	129	155	10

#WINGED JUMP
35001	135	128	150	155	10
35002	157	128	172	155	10


#RED
#WALK
36001	6	128	21	155	10
36002	28	128	43	155	10

#WALK2
39001	304	168	319	195	10
39002	326	168	341	195	10

#SHELL
37001	50	139	65	154	10

#SPIN
38001	315	146	330	161	10
38002	331	146	346	161	10
38003	347	146	362	161	10	

# ani_id	sprite1_id	time1	sprite2_id	time2	...
[ANIMATIONS]
30000	31001	1000

31000	31001	100	31002	100
31010	31011	100	31012	100
32000	32001	1000
33000	33001	50	33002	50	33003	50
34000	34001	100	34002	100
35000	35001	100	35002	100
36000	36001	100	36002	100
37000	37001	1000
38000	38001	50	38002	50	38003	50
39000	39001	100	39002	100