# id	left	top	right	bottom	texture_id
[SPRITES]
#RED
#botleft shoot then idle
130001	336	231	351	264	10
130002	353	231	368	264	10
#topleft shoot then idle
130003	370	231	385	264	10
130004	387	231	402	264	10
#topright shoot then idle
130005	404	231	419	264	10
130006	421	231	436	264	10
#botright shoot then idle
130007	438	231	453	264	10
130008	455	231	470	264	10

#GREEN
#botleft shoot then idle
130011	336	204	351	229	10
130012	353	204	368	229	10
#topleft shoot then idle
130013	370	204	385	229	10
130014	387	204	402	229	10
#topright shoot then idle
130015	404	204	419	229	10
130016	421	204	436	229	10
#botright shoot then idle
130017	438	204	453	229	10
130018	455	204	470	229	10

#SMOL
130021	302	204	317	229	10
130022	319	204	334	229	10

# ani_id	sprite1_id	time1	sprite2_id	time2	...
[ANIMATIONS]
130000	130001	1000

131000	130001	1000
132000	130002	1000
133000	130003	1000
134000	130004	1000
135000	130005	1000
136000	130006	1000
137000	130007	1000
138000	130008	1000

131100	130011	1000
132100	130012	1000
133100	130013	1000
134100	130014	1000
135100	130015	1000
136100	130016	1000
137100	130017	1000
138100	130018	1000

139000	130021	100	130022	100