# id	left	top	right	bottom	texture_id
[SPRITES]
#100
501000	446	25	457	32	90
#1000
501001	463	25	478	32	90
#1UP
501002	463	61	478	68	90
#Debris
501003	373	29	380	36	90

#Mushroom
501101	257	373	272	388	110
501102	319	374	328	389	110
#star
501103	277	374	292	389	110
501104	332	375	341	390	110
#flower
501105	297	373	312	388	110
501106	347	374	356	389	110

# ani_id	sprite1_id	time1	sprite2_id	time2	...
[ANIMATIONS]
#ani mush room
501011	501101	100	501102	100
#ani star
501012	501103	100	501104	100
#ani flowerBlue
501013	501105	100	501106	100