# list of object assets to load in this scene
[ASSETS]
mario.txt
coin.txt
ground.txt
brick.txt
pipe.txt
darkzone.txt
HUD.txt

#
[OBJECTS]
# type	x	y	extra_settings per object type
# type: 0 = Mario , 1 = Brick, 2 = Goomba, 3 = Koopas
# See OBJECT_TYPE constants in AssetIDs.h

# MARIO
0	136	45

#Platform
5 	0	194	16	16	33	58000	58000	58000
5 	0	178	16	16	33	58000	58000	58000
5 	0	162	16	16	8	58000	58000	58000
5 	256	162	16	16	17	58000	58000	58000
5 	0	146	16	16	8	58000	58000	58000
5 	272	146	16	16	16	58000	58000	58000
5 	0	130	16	16	8	58000	58000	58000
5 	288	130	16	16	15	58000	58000	58000
5 	0	114	16	16	8	58000	58000	58000
5 	304	114	16	16	14	58000	58000	58000
5 	0	98	16	16	8	58000	58000	58000
5 	320	98	16	16	13	58000	58000	58000
5 	0	82	16	16	8	58000	58000	58000
5 	336	82	16	16	12	58000	58000	58000
5 	0	66	16	16	8	58000	58000	58000
5 	384	66	16	16	9	58000	58000	58000
5 	0	50	16	16	8	58000	58000	58000
5 	384	50	16	16	9	58000	58000	58000
5 	0	34	16	16	8	58000	58000	58000
5 	384	34	16	16	9	58000	58000	58000
5 	0	18	16	16	8	58000	58000	58000
5 	384	18	16	16	9	58000	58000	58000
5 	160	18	16	16	12	58000	58000	58000


5 	0	2	16	16	33	58000	58000	58000
5 	0	-14	16	16	33	58000	58000	58000
5 	0	-30	16	16	33	58000	58000	58000
5 	0	-46	16	16	33	58000	58000	58000
5 	0	-62	16	16	33	58000	58000	58000
5 	0	-78	16	16	33	58000	58000	58000
5 	0	210	16	16	33	58000	58000	58000
5 	0	226	16	16	33	58000	58000	58000

#Darkzone
12	-16	194	16	16	36	20	121000	122000	123000

#Dark Pipe
9	128	18	95000
9	144	18	96000
9	128	34	97000
9	144	34	98000

9	352	18	95000
9	368	18	96000
9	352	34	97000
9	368	34	98000

9	128	2	95000
9	144	2	96000
9	128	-14	95000
9	144	-14	96000
9	128	-30	95000
9	144	-30	96000
9	128	-46	95000
9	144	-46	96000
9	128	-62	95000
9	144	-62	96000
9	128	-78	95000
9	144	-78	96000

9	352	2	95000
9	368	2	96000
9	352	-14	95000
9	368	-14	96000
9	352	-30	95000
9	368	-30	96000
9	352	-46	95000
9	368	-46	96000
9	352	-62	95000
9	368	-62	96000
9	352	-78	95000
9	368	-78	96000


#Coin
4	224	146
4	240	146
4	208	130
4	256	130
4	256	114
4	224	98
4	240	98
4	256	82
4	208	66
4	256	66
4	224	50
4	240	50

#HUD
500	0	0	500001

#Portal
50	366	34	376	50	5	10	10
