# list of object assets to load in this scene
[ASSETS]
mario.txt
coin.txt
cloud.txt
brick.txt
tree.txt
ground.txt
colorblock.txt

#
[OBJECTS]
# type	x	y	extra_settings per object type
# type: 0 = Mario , 1 = Brick, 2 = Goomba, 3 = Koopas
# See OBJECT_TYPE constants in AssetIDs.h


# MARIO
0	50	100

#Platform
5 	0	194	16	16	39	51000	52000	53000
5	624	194	16	16	29	54000	55000	56000
5	624	178	16	16	29	51000	52000	53000
5	1152	194	16	16	22	51000	52000	53000
5	1536	194	16	16	5	51000	52000	53000
5	1664	194	16	16	36	51000	52000	53000
5	2256	194	16	16	35	51000	52000	53000

#Tree
6	16	178	63000
6	32	178	64000
6	48	178	64000
6	64	178	64000
6	80	178	67000
6	96	178	66000
6	112	178	64000
6	128	178	65000
6	16	162	63000
6	32	162	67000
6	48	162	66000
6	64	162	64000
6	80	162	65000
6	96	162	63000
6	112	162	67000
6	128	162	62000
6	16	146	61000
6	32	146	66000
6	48	146	65000
6	64	146	61000
6	80	146	62000
6	96	146	61000
6	112	146	62000
6	32	130	61000
6	48	130	62000

6	814	162	61000
6	830	162	66000
6	846	162	64000
6	862	162	64000
6	878	162	64000
6	894	162	64000
6	910	162	64000
6	926	162	65000
6	942	162	61000
6	958	162	66000
6	974	162	64000
6	990	162	65000
6	830	146	63000
6	846	146	67000
6	862	146	66000
6	878	146	67000
6	894	146	66000
6	910	146	64000
6	926	146	65000
6	958	146	63000
6	974	146	67000
6	990	146	62000
6	830	130	61000
6	846	130	62000
6	862	130	61000
6	878	130	66000
6	894	130	65000
6	910	130	61000
6	926	130	62000
6	958	130	61000
6	974	130	62000
6	878	114	61000
6	894	114	62000

6	1888	178	61000
6	1904	178	66000
6	1920	178	64000
6	1936	178	65000
6	1904	162	63000
6	1920	162	67000
6	1936	162	62000
6	1904	146	61000
6	1920	146	62000

6	2368	178	63000
6	2384	178	64000
6	2400	178	64000
6	2416	178	64000
6	2432	178	64000
6	2448	178	65000
6	2368	162	63000
6	2384	162	64000
6	2400	162	64000
6	2416	162	64000
6	2432	162	67000
6	2448	162	62000
6	2368	146	63000
6	2384	146	64000
6	2400	146	64000
6	2416	146	64000
6	2432	146	65000
6	2368	130	61000
6	2384	130	66000
6	2400	130	64000
6	2416	130	64000
6	2432	130	65000
6	2384	114	61000
6	2400	114	66000
6	2416	114	64000
6	2432	114	65000
6	2400	98	63000
6	2416	98	64000
6	2432	98	65000
6	2400	82	63000
6	2416	82	67000
6	2432	82	62000
6	2400	66	61000
6	2416	66	62000

#Cloud
7	112	50	71000
7	128	50	72000
7	144	50	72000
7	160	50	73000
7	112	66	74000
7	128	66	75000
7	144	66	75000
7	160	66	76000

7	336	34	71000
7	352	34	72000
7	368	34	73000
7	336	50	74000
7	352	50	75000
7	368	50	76000

7	638	50	71000
7	654	50	72000
7	670	50	73000
7	638	66	74000
7	654	66	75000
7	670	66	76000	

7	718	82	71000
7	734	82	72000
7	750	82	72000
7	766	82	72000
7	782	82	73000
7	718	98	74000
7	734	98	75000
7	750	98	75000
7	766	98	75000
7	782	98	76000

7	1168	50	71000
7	1184	50	72000
7	1200	50	73000
7	1168	66	74000
7	1184	66	75000
7	1200	66	76000

7	2320	66	71000
7	2336	66	72000
7	2352	66	73000
7	2320	82	74000
7	2336	82	75000
7	2352	82	76000

#ColorBlock

#pink
8	240	178	82007
8	256	178	82008
8	272	178	82009
8	240	162	82004
8	256	162	82005
8	272	162	82006
8	240	146	82001
8	256	146	82002
8	272	146	82003

8	480	178	82008
8	496	178	82008
8	480	162	82005
8	496	162	82005
8	480	146	82005
8	496	146	82005
8	512	146	82006
8	464	130	82004
8	480	130	82005
8	496	130	82005
8	512	130	82006
8	464	114	82001
8	480	114	82002
8	496	114	82002
8	512	114	82003

8	1296	130	82001
8	1312	130	82002
8	1328	130	82002
8	1344	130	82002
8	1360	130	82002
8	1376	130	82002
8	1392	130	82003
8	1296	146	82004
8	1312	146	82005
8	1328	146	82005
8	1344	146	82005
8	1360	146	82005
8	1376	146	82005
8	1392	146	82006
8	1376	162	82005
8	1392	162	82006
8	1376	178	82008
8	1392	178	82009

8	2144	178	82007
8	2160	178	82008
8	2176	178	82009
8	2144	162	82004
8	2160	162	82005
8	2176	162	82006
8	2144	146	82001
8	2160	146	82002
8	2176	146	82003

8	1312	-62	82007
8	1328	-62	82008
8	1344	-62	82008
8	1360	-62	82009
8	1312	-78	82001
8	1328	-78	82002
8	1344	-78	82002
8	1360	-78	82003

#blue
8	288	178	83008
8	304	178	83009
8	288	162	83005
8	304	162	83006
8	288	146	83005
8	304	146	83006
8	272	130	83004
8	288	130	83005
8	304	130	83006
8	272	114	83001
8	288	114	83002
8	304	114	83003

8	1328	114	83004
8	1344	114	83005
8	1360	114	83005
8	1376	114	83005
8	1392	114	83005
8	1408	114	83005
8	1424	114	83006
8	1328	98	83001
8	1344	98	83002
8	1360	98	83002
8	1376	98	83002
8	1392	98	83002
8	1408	98	83002
8	1424	98	83003
8	1408	130	83005
8	1424	130	83006
8	1408	146	83005
8	1424	146	83006
8	1408	162	83005
8	1424	162	83006
8	1408	178	83008
8	1424	178	83009



#green
8	400	178	84007
8	416	178	84008
8	432	178	84008
8	448	178	84008
8	464	178	84009
8	400	162	84004
8	416	162	84005
8	432	162	84005
8	448	162	84005
8	464	162	84006
8	400	146	84001
8	416	146	84002
8	432	146	84002
8	448	146	84002
8	464	146	84003

8	512	178	84007
8	528	178	84008
8	544	178	84008
8	560	178	84008
8	576	178	84008
8	592	178	84009
8	512	162	84001
8	528	162	84002
8	544	162	84002
8	560	162	84002
8	576	162	84002
8	592	162	84003

8	1264	178	84007
8	1280	178	84008
8	1296	178	84008
8	1312	178	84008
8	1328	178	84008
8	1344	178	84008
8	1360	178	84009
8	1264	162	84001
8	1280	162	84002
8	1296	162	84002
8	1312	162	84002
8	1328	162	84002
8	1344	162	84002
8	1360	162	84003

8	2192	178	84008
8	2208	178	84009
8	2192	162	84005
8	2208	162	84006
8	2192	146	84005
8	2208	146	84006
8	2176	130	84004
8	2192	130	84005
8	2208	130	84006
8	2176	114	84004
8	2192	114	84005
8	2208	114	84006
8	2176	98	84004
8	2192	98	84005
8	2208	98	84006
8	2176	82	84004
8	2192	82	84005
8	2208	82	84006
8	2176	66	84004
8	2192	66	84005
8	2208	66	84006
8	2176	50	84001
8	2192	50	84002
8	2208	50	84003

#white
8	528	146	81005
8	544	146	81005
8	560	146	81006
8	528	130	81005
8	544	130	81005
8	560	130	81006
8	528	114	81005
8	544	114	81005
8	560	114	81006
8	512	98	81004
8	528	98	81005
8	544	98	81005
8	560	98	81006
8	512	82	81001
8	528	82	81002
8	544	82	81002
8	560	82	81003

