# id	left	top	right	bottom	texture_id
[SPRITES]
#topleft
60001	137	1	152	16	30
#topright
60002	154	1	169	16	30
#left
60003	137	18	152	33	30
#right
60005	154	18	169	33	30
#middle
60004	137	52	152	67	30
#botright
60006	137	35	152	50	30
#botleft
60007	154	35	169	50	30

#bush
60008	222	205	237	220	30

#darktree
#topleft
60011	103	1	118	16	30
#topright
60012	120	1	135	16	30
#left
60013	103	18	118	33	30
#right
60014	120	18	135	33	30

# ani_id	sprite1_id	time1	sprite2_id	time2	...
[ANIMATIONS]
63000	60003	1000
61000	60001	1000
62000	60002	1000
64000	60004	1000
65000	60005	1000
66000	60006	1000
67000	60007	1000

68000	60008	1000

69100	60011	1000
69200	60012	1000
69300	60013	1000
69400	60014	1000